1111111111-7111111111111. ’ 397

1111111511). 11. 11111111, 111111111111111. 51111111, 111111.,1111. 1111. 1. 111111.
111111,11111111,11111.11’1. 351111111111111111. 1881. 191. 1941. Wr. 284.
1111111111, 111111, 111111 8111111. 200. 218. 224. 245 11. 246111. 1111111111. 344.

278. 1111111111. LXXXI. 161. 1941. 1111111111, Hermann. 11, 1111111. 175.
11111111, 1111111, 111111. 338. 2221. 1111111111, 11111111. 11, 11111111.
111111111111111111111. 252. 91111111111. 161. 194. LXV.
1111111111,01111.,11.1.11111111.111111. 1111111111. 8. 1111111111,11111111,11111.11. 129.
11111111111111111111111.11111111. Bogusleue, 1111111111. 182111111111111111111. 38. 42.-
1111111111111, 11111.1. 11111. LXVII. 223. 1111111111, 11111. 11. 312315.
111111111111,11111.1. 31111111111111. 11111111,1111.11,1111.1111.11. - 1111111. 3173119341.

204. 208. 211. 245 1. 330. ” 1111111111. 10.
111111111111111111111111.312111111111,111111111111111. 20. 1111111111. 1011611122.

311317. 319. 341. 1111111111. 3411. 1111111111111111, 111111. 145164.
111111111111011111. 333. 1111111, 11111111. 311. 184. 196. 212. 216.

11111. XX. 11111111(11111)(11111),1111111811-111111(11.111111111). 167. 11111111.
1111111,1111.,ρ1111.111111. 386. 111111111111. 38. 1111111111111111111, 111111. 1111.
1111111111. XLII. 11111,111111111.11,ρ1111.111111- LXIII.
11111111. 340. 1111.1111.,111111. 3371. 1111111111.,1111111. G.
111111, 1111111111, 1111111111. 361. 1111111. XIV. ludolphus, ep. 111111, 111111. el le·
11111,8111111.,1111. 360. 111111111111. 8. gal. 357. 361 l.
11111111, 1111111111. 7.19. 1111111111,11111.111. 4.
1111111111,1111111.11. 16. 1111111111, 11111111. 125.
Ques, 11111111, 1111111111111. 1111111111, 1111111. 11. 22. 211- ludolphus, presb. 82.

11111111. 112. 284. 29. 1111111111. 156.

01111, wilhelm. 92. 1111111111 (1111111111). 10. . 1111111111, 1111111111. 28311.
111111111111. 1111111. 841. 111111111111111111111111). 11.
1111111111. 9. , 1111111111, 1111111111. 277.

neonem. 11. 1111111. 11. 111. 311. 1111. 11111111, 11111111. 1113111.γ

1111111111 (1111111111). 11. nellemburg, 111111. 11,·11111. 11111-1111, 111111, 11111111. 326.

1111111. 9. 1111111111111. 340. 343. 345. lynceus, 11111. 111111. 182.

1111111111, 1.11111111111(111111-). 1111111111111. 229. 238. 1111111111 1181111111, 11111111 11,

11111111,11111111,111.(1111. 1721111111111, 1111. 0111111. 256. 11111111111. 3631.

111111111111111111111. 2611. 2111.

1111111111111111. 6511. 1111111111, 1111101111. 16.

1111111111, 1111111111. 34. 53. 1111111111, 111111111111. 395. S. 11111111. 7.

1111111111. 349. 1111111111, 0111 11, 11111. 305. 1111111,11111.111,11111.111.1111. 1

1111111111. 340. 1111111111111 (1111111111, 1111111111). 51111161111111). 12.

1111111111 (1111111111). 9. 1911116122. Saegewilz (Klein-l, (Selun). 11.
1111111111, archid. 0111111. 4. 11111111, 1111111. 11. 138. Sagen. Geblel. 19.

1111111111, 11111111. 56. 1111111111 (11111111). 11. stade. 1111111111. 31. 8.
1111111111, 11111111 11, jul. 111. 1111111111. 33. 1111111111 135. 154171164.
’ 278. ' 1101111111, 1.]11111111111. . Ζ1111111111,1111111.11. 2118.
1111111. 333. 111111111111111111111111111). 193. Sagen, 1111111111 11. 63.
11111111(111111111.),(111111111111). 9. 106122. ,811111,1111111-,111111111111,
1111111111, 1111111.,11111111. Glog. 11111111, 11111. 4. 11111111. 44. 46.

18. 268. 1113111111111111. 63. Ι811111, 1111111111, 11111. 377.
1111111111. 341). 1111111111. 333. 8111-01111111. XXIX. 11.-11111111.
1111111111,1111111111111111111111111111, 0111111. (lemene. 196. XIX. · ’

348. 138. . 81111111111111. 11236.
1111111111 villae· 254. 111111, 111.,11111.111. 37. semland 1111111, 11111111111111.
11111111 (11111111), (0111). 254. 1111111111, 11111111. 38.

 

