1000100110-11000010100100 391

Iohannes, archipresb. 17111. 11001101. 11110100, 81110 0001000001.

Iohannes, 0010000000. regni 110100, 1101100. 10311711. — 10101οο Wr. 185.
340. 1000000, 11100. 111118411031101100. 411. 178100.

10100000 advocati, 0001100, Niss. 100-110.111.188·-191. 11000001019100010000101). 11.
3111. 1000110, 10000000, 0001. 0001. 1011000000. 13.

10100000, procurator 000000, 166, 0000001000. 113. 1101000110 (h. NimpIsch). 153,

10100000, 00000001000100. 158. 100110(11001001-),(00000100). 104. 1010001010 (1000100), (11100000).

10100000, 0110101. 71. 1110111138. 307.

10100000, 00100. 10. 1000110(01οτ-), (00000100). 1041001100. 333.

10100000, 00100198. 335. 100111. 1110000010 (0000011, 0000100100).

10100000, 00100101.101103000,00- 1000001οἰ10. 10. 310. 104. 100. 111.

100. publ. 178. 1000000. 11. 10001000, 01010010. 50.
1010000000001000 (100100101000 1001000101000101000000110). 359. 1000001000,010100101191441.
00100. publ. 179. 281. 31411. 1001110 (1100111). 9. 359. 101100100010,001100. 3371.
10100000 ,4000000010 10 Wr. 00- 1001, 1001000010. 1111000 n. 101000. 1010001, 00011100, notar. 151. 155.

10010011. 330 ff. XXVI. LXXXVI. 111111111111011. 157. 159 f. 109. 341.

10100000 0000001011, 00100. 0001101. XCV. XCVII. 187. 189. 3031010010100. XVI. XXIII. XXXVIII.
351. 305. 3081. 313. 310. 317. 315. 1. 4. 151.

10100000, 111. 80011001, 001100. 40. 3351. 341. 345-348, 3511. 10100001, 1111000110. XCVIII. 305.

10100000 1100010101, 010. Wr. 3011. 1001, 11000. 0011001001. 0010. 309. 370.

10100000, 51. 100011, 0001101. 101010010100011.) 138. 10101001 (1. 1100001010), (sm-
Nym. 105. 111. 113. 1000000. 9. 358. 300. 000). 1041011111.

100100001110. 153. 10001110 (00100101). 8. 100001, 1000. 0. 10000100. 38. 39.

10010000, 00011001. ,111.117. 10010101, 10013000 10100. XIV. 100001 11., 1000. 0. (11ομ0. XXI.

10000100. 340. XXI. XXX. XXXII. XXXVIII. XLII 1.

10100. 11381195. 1001010111.,150.0.1’01.10111101. LVI. 181113. 34. 4811. 54

10100011001010, 01011100. 09. 1001001011, 1000. 0. 000010 0. 1100- -00.16711.170. ’

10100111. 371. 1100. 11111.1.1111.157.190. 100001, 1000. 0. Sagun. LXVI 1.

1000100001, 1100ος, 00000. 377. 1001010111.,1000.0. 1000100. 349. 89108111. 118. 119. 130.

10000110180100). ll. 1001001011, 1000. 0. 1000100. 303. 135. 145 11.

Ius ducale. XXVIII. LXXXIX. cl. 305. 373. 1000011, 1000. v. 0010. 3571.
109.151.157-100.109.171.1001011000. XIX. , 10000111, 1000. 0. 0010. 179.
177. 197. 303. 30511. 331101011000100. XIX. XXII. 3. 198 11. 311. 314. 317. 319.
341. ·- militare. XVIII. 1111101101οα, 1000011ος01ῑο 1901. 341. 3571.

LXXXIV. 3. 52- Teutonicum. IIoppIIz. 314.

XXIII. XLV. 31 1. 51. 071. 80. 1001100010. 11111.119.137.139. 1000011110 (0010). 1114.

197. 141. 1511571591159. 101010. XLII. 185. 1001003, 1010.,1101. 300.

171. 301. 310. 341 11. - Po· 1010100100, 8001101000. 34. 10001.

10010. XIX 1. XXII 1. XXVII. 80. 10110 (Caleno). 8. 1001010001. 8.

197. 141. 151. 157. 1591. 109. 101000,11100100000000011100340. 11001000, 0001011. 10. 5.

171. 301. 310. 341 11. - 0001. 10000000 (1000101001). 331. 10001 (30001), (00000000). 10340.

0100101010. 17.- 0010011111. 1001001100. 340. 1001001101(1000000100). XXVIII. 5.
10100000. 333. “ 100100001010.,010.110. 300. 11. 303.

1100100-11001010101113000. 17. 67. 10110110, Alexander, rector 0001. de,
-1110100 154.185.-- 110- 101.

muhammat, 11011000. 1851. 00011000.1111111105-110-101100110(0.0.Βιο01.). 9. 340.
10001000110100, 101000. 000. 0. VIn· 0111. 301. 41 1. - 10100-10011,11001.1101. 180.

0001. Wr. 185. 01000. XXVII. 411. 701. 1711000000. 10.

1110001000. 1031171 1. 180185. 00001.154.185.--10- 1001000, 1101101. 151. 154.

1011001. 144. 100001. XXVII. XXXVII. 071111. 111011. 170. 137141143. 145.
110010. 17. 1100111110. 11111113. 110010. 119141.

 

