Μ luania-Vmorem

1100111, vicar. 0101001. 1441. icini, 11001. ῃο11ιο10101111, scipionum, 0010001. carc 397 Ι.

1100101, 61110001100010100. 711. 0011. 999. 361. somer, 001000011001101001.176.
1100101, 0011101110. 6103. 167. 100101016011). 964. 969. ,
1100101, 0001. 01001110 advocaciam. 100001160001). 346. 1011001 11000001, 0010101. 11100.

981. 1000011001, 00. 1000011010, cardia 343.

Iacobus, 10 300001 pro 0001. 000101. 147.161.164.184.196. 10110001, 1001111000. 111011οί011.

101601101101. 949. 1000011111000110. 11111111. LXVII. 79. 91 I. 116-117.
1100101, 01101001. 1181. 10000001111. 11111111. 1471. 164. 186-191. 966.
1100101, doci. 103. 66. 19111. 936. 10000001 IV. P. XXI. 7. 14. 999. 969.

1100101, qnondam 10101 da 10100100000011. P. LVII. 10110001,110110010.,00001.11001. μ

001. publ. 979. 981. 10000011 VI. 1111611. 974.

1100101, hi. 6010101, 111101. 991. 1010011101. XVI. XXXIV. 111111111.10110101,100116.101010. 176.
1100101. 6. XLV. LXV. LXXXIV II. XCV 1101110001, archid. Wr. 4. 19. 16.
100010010011011011011. 166.]93. 49. 616311. 671. 196. 133. 19.

110011101. 968. 13116611. 17696919161. 10110001, 0101. Wr. 8. 99. 167.
11300. 111116. 996196897198911. 1911.149.1441.161.1891.
1131111 (1131010111). 164. 166. 10110001, 111. 111100110. XIII. Iohannes, 111. 11011101, 0101001101.

199. 139. 101100, 11601303110000. LXXXV. 98.

1110130101 (novavilla). 3163161. 111111111198311. 987. 991 11. 10100001 Baunonia, 0101. Wr. 394.
11101111οΙ. 16. 369. 363. 369. 336. 311. 3481. 331. 333.

11311. XIX. XXVII. XLIV. 968. 369. 10110001, 10101111 Wr. 95. 990
1131101301. XX. 101100, 11001. v. 1111001100. 336. 16111911. 191. 196. 1441.
110011011111000110. 377. 349. 161.

110111101,1001100.110110. 989. 101100111011301101111000. XCI. 10110001 hiiah, 01000. Wr. 66.
1100011. 333. Ichana, 10033011 1011131101. 3191011000111110011,01000110. 93.
11001, 001101. 46. 3163111119. 341. 96. 1141. 149.

11001101, archiep. Gracc. XLIV. Ichana, 11001. v. 8101010. 978. 10110001, 01000170. 4.

XLVIII. 941. 101100, 11001. v: 81310, (1103. 369. 10110001, vicar. Wr. 168.
11001101, palat. sandomir. 38. 161. 101101, 11001. v. 600010. 369. 10110001, decan. ad 1. 0011011011.
10001101, judex 000. 93. 10110101 VIII, P. 167. 155,

11001101101101010, cir. 11111. 69. 101100011111111, 11116111. 10110001, archid. (1103. 319.
1101111101, milas. 661. 10110011, episcop. 101001. 0101110.101ι10001,110010.11103. 936.
1100010, cursor 00110. 937. 10311. 966. 919 h. 996. 997 1. 101100016010101, 0000011103. 66.
1101101111. XLII. 931-934. 93711. 10110001, 0011. 00001. 979.
1100100111,οοωωί1110. 196. 10100001, diac. card. 14. 10110001,1·1010.111111. 161.
1100111111, archiep. Gnczn. 999. 10110001, 00011. card. 14. 10110001, vicar. 0001. 1. 1110011110.

3981. 10110001,1001100. 60010. LXXXI. 168.

110011101, 00. Wr. XX 1. XXIII. 37. 46. 376. 10110001, 0001. 0001. 1. 1110011110.

XXXII. Iohannes, 00. (101000. 963. 971. 981.

1100111111. 6. 10110001, 0011110101. 336. 319. 10110001, 010110. eccles. 1. 1110011.
11001110111000100011,1100. 936. 1ο1ι10001,00.0100100. 988. 319. Wr. 984.

11110000. 16. 314. 317. 319. 341. 10110001, 0001. 0001. 0801011111.
111001011. 163166199. 1010000100110101010. 136138. 984.

11000. ” 177. 179. 19611. 1111-101.1οο0011, prior 10. 10101110. dc (101-

arpertus, 010110. (10. 48. 9671. 916-916. 994. 937. ccv. 196.

1100101001, 010110. dc. 63. 944---947Ι 969. 10110001, 0011111000. 6103. 167.
11000011(0100101.), castrum. 3641. Iohannes IIL, cp. Wr. XVI. LXXXIII. 10110001, 001061011811010. 978.
11010110. 918. , 967-971. 10110001, ord. 1. commetario
100, 0111110. 3311. 1011000111, 00110. XCVIII. Loasow. 71. 79.

1011101. 11. 369. 316. 3461. 10110001 V.‚ cp. Wr. XCVIII. 366. 10110001, 010011. 010. 199.
1011101 (111010). 9. 369. 377. 10110000, 013111. 18.

 

