1111666116-7616616111166. 387

191. 111. - 66166666. 63. - 1161161616, 66161, 6161116. 69. 1166611, 111661. 66, 616616. 6661. 1.
661111161666611. 16. 1616166611 (116116666111). 319. 1116111. 181.
661161-11166666. XVII. XXIII 6. 1166161611, 6666111110. 1181. 167 11616616, 06616, 66161111. 166.
(111.-6666611616. XIV. -166189-191. 116-199. 11616. 1. 1116. 61.
6666666611(1116611666161). 191. 116. 111. 117. 1161661161. XIIII. 1111631167
106111. 1616116, 6166. 6616. 11. 61711176.
66616616. 333. 11616166, miles. 189. 1161661666 (661611-16616). 101166.
66116661166611116166,111166. 169. 1616166, 66166111. 1. 111.
6616661166 666666661161. 36. 1161616616111. 119. 1116611666, 6661161116666. 71 1.
171. 1666116666. 186. 81166161.
6611161666, 6166666. 0161166611. 11161661. 331. 1116611666, 616661. 666166. Nitens.
1716. 1166616611, Hermann. 66, 61166166. 119.
6611111111, 616111. 366. IXVI. Friedrich II., 1161661. xcvu.
nominikrner-ordonscrpirel. 119. 11666611666116116. 1. Friedrich, 1616616161111111661.
66111116116161611.161.167-169. 116, 1611. 66 666116, 16161. 191. 111111.147.161.166.
169171. 1111666661. 361. ’ 1116616611.,11616.111.1661. 369.
6601116166, 6161116661, 61611166. 1111116166, 611. 6166. 69. 1116666, 666611. 661166. 166.
69. 16661, 116111. 66, 6616611666. 303.116661(11661166). 11.
6661166116 (6611616161). 9. 16116 (1166), (1161666). 101106111616166116166. 331.
6611611616, 61166166. 1111111. 111. 138. 1166116661, 6. jus 666616.
66116116, 1111161666. 811. 11166116. 111111. LXXXIX. 671. 61. 116161 (16661). XX. 1611116.
6616. 367. 73. 76. 961. 161. 1631. 168. 106. 111. 161. 1611691163.
66166, 0116 66, 66661. Wr. 176. 171. 190. 191. 303. 307. 311. 1681. 190. 191. 303. 301311.
363-306. 336. 316. 319. 311 1. 361. 366. 371. 316. 331. 311 1. 363.
6616111161, 11661. 6161, 6666661. 1166116166, Andreas 66, 66166. 398. 16166, 6161166016611111111111111.
provino. 196. Erro, ord. 111161. 31. XXXIV. XXXVII. LIX.
IIoruchorr. 333. 1616166161, Iob„ 66166. 377.
616666161. 11.
6166116,16611666, miles. 11. - Falco. 6.
baro. 136. 16616161. 1616. ,
61611111616666 161. 167.169,1.161116161611,161166,11661. 188. G. 6661. 166161. 7.
1611311. 1661616611(116166116116). 163. 0661161, 6661. 01611. 161.
611661661166116166611661116. 3691. 161611616, 116616. 1101116. 6111161. 13.
6166666661. 101. 166. 1166116161. 11611168. 061611. 6.
66661666, 1611, 661611 Wr. 1816. 1166116616611. XVI. Gambowur. 138.
66661666, Paul„ 6616611161836. 116616 66 01611616, 11111166, nourr. 06611666 11. ’
66611, 66616116, 6116161166, 36 6. 6661. 76. 76 I. 061611, 1116666.
6661, 1611. 66. 360. 1616161. XIX. 061611, 61616166. 166 I. 171. 176.
66666166, 666611. 66. 1161616666, canon. 61 6616611. 6661. 188 11. 19811. 1361116. 381.
661666. 31. Grac. 166171. 66111116, 661611. 181 ff.
661611166666166. 37. 1161616666, miles. 168. ’ 061611161(0161666111). 101. 166.
urricus, 66161. 1. 116166, guard. 11. 111161. LXV. 111.
6161661166. 11311. 11616166, 6161116. 06661. 61. 66.(1616161666, 16161. 66.
111 I. 138. 06161666, 66161. 1.
11616166, 66161. 1. 16. 37. 16. 06166, capell. 1986.
Ε6111161616,616.11166. 181. 1161616616111161, 661661111. 18111. 0611161616, 6161616. 0611666. 81.
1661666, 0661. 61611. 111161. 16. 11616166, magist. 61611166. 181. 106. ’

1616161 61116, 1611. 66. 6316. 1111616616 (11611161). 36. 0611161666, 666611611161. IXV.
1611666, (16666616), 61661. Wr. 66111116161111661. 91. 187. 06116111. 11111111.11.161.161.

XXXVII. 16. 181111. 19. 37. 1161166661, 1116611666. 176. 167-160. 169. 171. 307. 331.
16. 1111166661. 361. . 311.

19*

 

