Ischalis-Veraciclmiae. 333

Lchel, 3110 30, 0000000. 3100. 378. 1011000οκ111, 101130, 0001. 11110111101000110 (1100000010). 133.
131100. 333. 331. 333. 1100100. XXXI. 3.
1300000001301. 3333313711. 101110, capell. 3331. 110111130, 1101000. 1011000100. 333.
1300011000. 1110001100. 131. 183. 101010100, 00101001. (1100. 373. 1100111113ἰο,1101-100.0. 1110000. 373.
1030011000, 0003000101. LXXXI. 10110000, clv. 11100. 381. 1100111001, 1101111100. 30, 000. 111.
331. 333337. 3331. 333331. 313. 331. 331.
10301000,01000.0001.11.11003.11’0. Ι 1010001011333. ,
133. 111. 00110301 7. 1101000010,1001, 000100010030.
100001,.101000.,01100. 333. 3000000100. 33113311. 331.
1010 (Fines). 13. ’ 11101110- -.11101011000 1111111011001103133331.
1001,11111030,011100. 33338. 111003011(1100101001),(300111.).333.11100010,0010110. 381.
10010010,1010.30,0000000.0.Εο13.1100000,0010.Αο1011,00000.101100.101011-13000, (1001100. XIX. 5. 33.
13033813.1110001001110010030, 1011003331.
Lossen, commende. 7l. 81 1. 1101100 (1101000113 . Michaelis, 0001. cracov. 333.
10000100 (10000010), (.1000001101) 1101100300131010100101). 1311331110100110,00000110. 33.

· 1331311133. 133133. · Michaelis, 0100011001. 83111118.

1000001, 11100130, 0001100. 3811. 11010001, 01101100. Michaelis, capell. 83.
1010000. 333. ’ 1101100010,111001.,0001.0001.30.11101100110,0010110.331.
101011,.101000.30,001100.110. 333. 333. Michaelis, 110100000. 381.

331. 333. 331. 110111001 (11010010). 13. 1110101001, 3100100. 30, haro. LXVI.
Luhek‚ Wolhnar. de, 010100.0001.110100000,11010, 0001011. 30. 381. 333. ,

0. 801111. Wr. 101000. 383. 331. 1110101000, ianuas. 30, 001000. 31.
10110, 3001110130. 31. 1101000(8100000100,110100000). 13. 37. ’
101110, 011000. 133. 331. 333. 11000100, 00101. 3011100001. 33. 1110010011. 333.

333. “ 1100000101 (1101100011. 11. 1300101000, 11010. (8010 1101110. 11.).
101110,.10001100,0001011.30.3833110030100.13333.111111.

331. 1101000. 3.111001010111.,11010.0.10111111.
Lucceius, can. 11111000. 731. Marcus, 31. 101000οη1, miles. 33. 1110111001. 333.
Luchlenbcrc, 1100010. 30. 333. 110100100110011100000100). 3.1110000,1100000000000010. 1111111.
1000001000, 1101011030, 3301. 333. 1100011010, 1010. 30, 01011. 0001. 0. LXVII. LXXXI. 3. 337.
103001000, 00101. 33. 8010111. 10100οζ 381111101100333.
10301000, 010100. 0001011110110. 110011. XXVI. Milhus, Carmel. 30. 33. 33. 38.

1011003113.110110003011.133.111100100,11110000,30000.11’0.33.
10301000, 1100101. LXVI. 83. 881101001οο01, synoride, 300000001. 337333. 1371. neraei .

-33, 33-33.133.113.133. 313131.

313. 1101300013. 1. LXV. 73133. 133. Mile' 0100, archid. 3100. 33. 31331.
Ludwig, 1130. 001100. 11311. 373. 313. 3131. 333. , -00000, 3100. 33.

381. 11003000, 000101, cason. 3. 11110100, archid. 1001110. 331.
1030101101000000111100. 3331.1101111100,001010011000. 333. 1111110011. 33. 33. .

313. 313. 317. 313. 333. 331. 11013000, 00000. Wr. 33131133. 1100101Ιο001. 8.
10301003001(11(0.)100.133. 1331311131. 11010. XXII. LXXXVI. 388. =

133138.110111000,000011.00000.1331.3373.
1000,1010.30,0000000.1111.338.110011000,010011.1331. 1011311830

331333. 11011100001001111. 8333133. 11100100, 0110101130. 338373.
10001100, 00000110. 33. 138113.1111001100338333.
10001300,οή010.801011301310000.1101110110, 0101. eccl. 0. M. 110030111100001001110 (11001100), (1101001-

73. · 11110100. 383. wilci). 338333.
10001300. cleric. 33. 110100,1101000.30,001000. 338. 111100000,1100110.30,011.11100. 33.
10000, casca. 3. = 11011000, diac. card. llil. 1110011100. LXIV I. LXXI. 13 33.
1011010010. 131133133. 11011100, 113οἰ0 0001100000. XCVII. 1731183.

33

 

