lumen-Verum*

3111111111, 1111111. 11. 10. Opem 10. 310. 3101. 1111111111,1.01111111;

011111 Gallim, 1111111. 1111101111111111. 101. 100.11·1.138.1111111111. 333,

001. 111. 130. 101. 100. 107. 011111, 111111. 1. 111111111111 (1111111111). 8.

1001. 100. 311. 0111,011111,1.1111111111111. 1111111111 (0111111011). 10. 310.

11111111, 1111111. 10-10. 011111,111111111,111111. 01. 110. 3101.-

Itum. 11111. 01 r. 011111110111111). 1. “ Interim, 111. 01.

1111111110111111111, 1111. 1111111. 0111111101. 300. 1111111111(11111111).

111. 110. 0110111111. 300. conminus, 1111 1111. 11. 101.
1111, 111111 111, 1111111111. 101 Ι. 0111111111, 1. 0111111113. 223. ,
11111111111111111111111. 171. 0111111111. 011111. XX. 31.101.11111111(1111111111). 0.

1111111111, 0111111111. (11, 1. 111111. 10010111. 100171. 177. 1111111111. 11.

1111111101. 101. 1111111111.111111181110 111111, φ. emor. 011111. 111.
11111111,111.1111.,1111111111111. 1111101111. XXII. 8. 177. 170. 111. 13011.

100. 01111111. LXII. 00. 08. 1101111111, prior. 01111. 11. 111. 11111.
11111 11111111 (0111.) 03. 11711.1301.107-100.100. 171. μ
11111 1111,111. (11, 11111.,11111. 100-103, 100 1. 100.·101. 111111, 0111111111111. 100. 107.

300. 107. 110. 1311. 1311. 111. 11111111 0111111. 0311.

. 1111111111, nemag 117 I. 103 1. 170 I. 11111111. 0103311.
.. annom ⁶⁰· 300001· 1111111111, 1111111. 11. 11111111 (111111). 1.
. 1111111111, 11111111. 11. 00. 70. 1111111111111111111111. 01.
01111 (01111). 0. 111111,1ο1.,11111.1111. 310.

011111. 11. 0111. 0. 1111111,111111. 111.
0111111 (1111117) 13. 0111, 11111. 1111187. 11111111. 11. ·
011111111, 111111,0111.011.108.0111,111111111 Wr. 01 hungariae. 22. 73101101-
1111111, am. 111. 11. 1111111111. 11. 111111. 1111111111. 101.
01111111 (0111111111, 0111111). 10.10111,11.111.1111111. 171. 307. 311. 310. 311 1.

310. 3101. 01111111, 111111. 00111111. LVII I. Peregrims, 11111. Wr. 130.

011, 111. 11111111. 11. 1111111111 (1111111111). 101.·100.
0111 (0111111) (01). 1011101. 111.,

11111101 1111111111. 101. 31. Ρ11111111,111111.11, 11111111. 70.11111111111111.11111.ΧΧ111.1.1111111
0111011111), (01111111011111111111. 1111111111, 1111. LXVI. 100. 1. 1011110103.

011. 11111111, 111. 111, 11111. 101. 11111111111. 10101.

01111111 (olm). 11. 11111111,1111. 11, 1111111. 10311. humanm. 11, 111111. 310.
011111. XCIV. 11111111, 11111. 11, (11111111. 11111. 1111111111111111111111111377.
0111111,111111·11.111. 0. 338. 308.

011111 (01111). 0. 1111111. 10. 1111111111, 11111111111111. 111, 111111.
0111111111ἰ111111.10. 1111111111311111111111, 11111. 11111. 177.

01111111, 1111. 111. 71. 00. 333. 1111111. LXXXIX. 1111113111.
0111111 (011117). 11. 111111111111111. (11, 1111. Wr. 330. 307. 311. 310. 311 1. 301.
01111, 111111. 1111. 11, 111. 11111. 331. 333. 310. 11111111111111111. 108.

317. 1111111111,111111. 11, 11111. 111111. 1111111, judex 111. 7.

1111111111. 10. 301. 311. 3101. 301. 331. Petrus, 111111. cardin. 11.
0111111. 333. . 1111111111, 711111 11, 111111. 11111. 111111, 1111111111. 11.

01111111. 011111. XL. 310. 111111, 11111111111111. 14.
011111.01.100.111.1171.1301. 1111111111, 011111. 11. 311. 1111111 0111111, 1111111. 111. η’. 11

1301. 1111111111011111111111111). 103. 11111. 10.

1111111111111. 101. 1111111111, 11111ι1111. 31. 111111, 111. 111111. 30.

conob-m. 103100. 1111111111, stepha. 11, 111111. 111111, 111111. XIII.

1111111111. IXV. 113. 100. 301. 330. 1111111, 111111. 1111. m. 71.

· 1111101111. 0. 11111111 11, 111111. 301. ’ 1111111, 1111. 0111. 100.
011111,111111.11 100. 111111,1111111.,1111.1111.11.171.111Μ,1111111111.11111. I.

5⁰*

 

