808 ’ labereta-Vanam

81111, 1111011, 01111110. 38. 8010011111. 10. 8101101101. 371.

3015 I. Ι 8011010111 01011. 101. 160111. 81111001, 11011. v. mogun 1100011.
sandovaldo (11010101). 11.. 811111000111. 361.’, XCVIII. 3115. 310. “

111111111ιοί. 8. schaltheim. XXIV. 101111. 811101010100. 5. 30.

1. 1111011. 10. 7. 8010101111801001111). 8110011111111. 10.

. 8011110101 00011010,0111011.10. 1111011101, 010110. 10, 010111. 810100, 011. 111001. 16.

LXVI· 151. 157. 1501. 100. 106. 10711. 1101. 811111, 1111οο011, 0111011. 10. 38.

311. 8011101101, 011011, 01001. 111.8111111011(8011110010110). 333 “
8111110,1011.,011101. 3001. 308. 331. 333. 8101110111. 10. 3111, 358. 3110.
81110001, 11100110, 01000. (110080100111111. 370. 810101001101800001101). 8.

171. 11100110. 1. 11111111111110. 001011.
8111101111 (Doro. 11. 01111011801011). 11. 8110010,”1111110110101110. 10.
8101101, 01011. XXXII. 1111101. 811. 810011, 1100111. 10, 1101. 188.
81110, 101. 66. 1110011100. 137. 151. 181 1. 81000001011100, 01111111 r
Qwfflmmwffiwumn - mmmm

111. privilegien. LXXIV. 8100,101.10,101101. 111.
811011101,“000100. 5. . 8010011111 (1011), (80111001). 10. 8101110000. XXIV. 11.
8111011111, 0111011. 13. 310. 8101000111101111010,1110. 151.
8110111111, 0110000. 11111 1111180110001101011100. 3501. 155.157.1501.160.311.

LXVI. LXXXI 1. 71. 01. 111. 80110101. 11. 8011001101, 1011. 10. 188. 111111.

111. 117. 111. 1181. 136. 8001001011, 1110101011. 133.

110. 811111010011111. 16. 10. 17. 30. 8010100101. 7.

80011011. 1011010111. ¹ 8111110111, 01000111. 1. 10. 80111100101111. XLIV. 1118.
801111οι1101. 31. 8010111001, 0000011. 0001. 13. 8000001010. 311.
801111001181101011). 11. 800011,11111.1.811111. 38. 801001111010010111100. 11. 15.
smmum. XIX. 367. 8001111, 1100010110, mil. 311. 80000, 1011, 1001. 0001. 10. 110.
801111, 111101. 8011001, 1011. 10, 10010111. 318. 80010101. 13.

-· neynczoo. 3⁰5· 8001100101. 156. 80110111. 11. 307.

8011111111, 0000111010, 10011111. 80111101, 010110οο111. 111. 81001,1111οΙ111,0111011.10. 38. 30.

351. 8011110. 10. 8110,011110,1101110100. XX. XLIV.
¹ 81110011, 0110. 10, 010110. 1111. 80110000. XXXII. 8. XIIX. LXXXIX 151. 11115.
380. ’ 801111810011111011010-1. 61. 61. 671. 73. 701. 111

1011101110. 11. - s. suumn. 1001011110011301. 001]
8010111010101, 111001. 10, 01111. 0100. 80011101, 01001. 111. 150161. 311. 316. 311 1.

311. 3301. 333. 351. 80001110, 1110, 1001. 0001. 10. 111. 8110111101111111, 101111. 357 ff.
8110110110, 111000, consul 11111.80010111,11011.1.81010111. 310. 8100111001,.1011.,00.81111. 373.

1831. 80010011, 1101101, 151. 81111011. 11.

8011000101. 101106111. 800111. 153. 8101001011, 11010011, 0011111. 11.
801101. XCVI. 81. 1631. 800010. 11. 30.

8011111κο111. 11. 316. 3101. 80111010110111111111. 367. 81111111,1011.,11011“1. 00001. xcu.
8111011101, 1101110100. 10, 1010111. 8011110100. 11 1. 73 I. 76. 1608111111 XXXIV. LIX -· 01011111.

11111111. 380. 1631. 100. 101. ,303 311. XVIII. XX 1. -- 1000111 11.
10101000, amando. 1111111. 010. 0111. 011111. 1011. 10. 01. 111.

1551531501160. 311. 8101011,101.,10000001.10. 110. 16111811111811 3171.
8111110101101100011),(01110111011). 810001101011011010. 150. m. 1. 8111111 (1101801101).

333. , 318. 317. 351. 353. 350. 360. 1111111010178.
101110111100011000). 8. 8100111100. 333. 101100,0111011.10. 108.
80110110011011101001101). 51. 8101111, 0. 800010. 101101, 1011101111 10 1111111,
8011011(11101). 11. 81000011. 001101. XIV. 01011010. 105. ¹
80111111018Π1111θ. 151. sifridus, 11111010. 81010101. ’81. 8101000(01.-811Ιο1.). 5. 13. ·
selamim. 0. 310. “ 8101111111, 011. 11. 1110. LXV. 8101011111. 1651111111.

O

 

