394 lamus-V 111τοί111111

1111111111, 11111. 111. 1511511. 1111111111, 1111. 111. 11. 1411111111111111. 1111196111.

111. mmm.. 111. 111. 1111. 111111 minus 1.,1111. 11.
1111111111,11111.1111. 811. 198. 11111111101111). 1111111111 III. 1. LXV.
1111111111,111111.,1111.111111.11 1111111111, root. 1111. 11. 111 1111111111 IV. 1. 1511159.

81111111. 81. 81. 199. 113. Ι 1111411. 1111111111.,1111·1.1.’11ορρ. LVIII.

143 I. 1111111111,11111. 4. 16. LXIX. 1191181171.
1111111111,11.1111111, 111111. 451. 1111111111,11171111111111111111.81111111,11111111111111111111.
11111111, 11111111. 381. 11. 1771791811187. 349.

1111111111. 3591. 1111111111, 1111111. 151.155.157ζ 1111111111, 11111. 1. 11111111-1111111.

1111111111 (111111). 19. 311. 316. 159 1. 119. 311. 369. “

3491. · 11111111111111. 136. 111111111,11111.1.111111111. 398.
1111111111, flutio.. 11111111. 1111111111111131111111. 1111111111, ep. 111111. 39.

11. 198. 111111111111111111. XXIV. 1. 1111111111111111111. 119111.
11111111 (b. 1111111). 116. 1111111111 1. 1111111. 117 ff. 131. 134. 1111.
11111111, 11111. 161. 1111111111111111111111. 17193. 1111111111, 1111111011111. 54. 811.
11111111, 1911111111. 1961-119, 111. 11111111, decan. (11111. 179.
111111111111111111111. 393. 3115. 1111111111, 111111. 1111111. 198. 1111111111, 11111. (11111. 1711.
1111111111, 1111111111. LXVI. 1111111. (1111111. LXXXIII. 31151. 11111111, 1111111111. 151.
1111111111. 153. 158.1691.119.171.177.346 1111111111, dem. Wr. 17. 39. 35.
1111111111-111111111 (1111111111), 1111. 1. 359. ’ 5611161158.

11,111.ρ1111.’ 33711. 51111 XX. LXXXVI. 69. 77.111111111,1111.111. 991971141.
11111111, acob. 11, 1111111111. 117. 1381993161. 119. 1411. 161. 136.

1111111111. 184. 01111111. LXXXIII. 1111111111,111.11’1.4.19.17.5(1.
111111111111111111111. 377. Castrum. LXIX. 11111111’1111111111,111ο1.1111. 169.
1111111,111111111111.1111111.1171. 11111111111111111. 1111. 3111.

18. . 1111111111. XLIII. 119.1181.111111111,11111.111. 111111.
1111111111811111111. 38. 8111111. 195111113. 1111011111. (011111),1111. 1111111. ·
11111111. XIX. 168. 1111111131. 1115111113. 11111111. 81. 111. 1511161.
mmm (1111111111). 11. GeisIIiohkeII-VerIoIgung. 138111111111, canon. regul. 111. 83
1151111111. 31131. 141. ,11111111111111111111111. 84.

1111111. 841. 1111111111. 161. 111111111111111111111. 3311.

11111111, 1111111. 198149. 1111111111. 1111178179187. 111111111111111111. GIog. 129. 268.

1111111111.. 1111111. LXVI. 181. 188. 174.

111111, 1111111. XIX. XXVII. 7. Peregrinus. plebnn. 35. nicolaus, 1111111 GIog. 511.
361511571591. 161171. 111111111111111111111. 195. ι1111111111 1111111111, 11111. 181.
341. 1111111111. 1111181.137.]41.’111111111, Praedicta. 11111. 181.

1111111111. LXXXIX. 334. 1511511841114-117, 11111111, 1111111111. Andreae. 511.

1111111111, 1111111111. 11. 185. 1111111111. XXXI. 1111111111, 11111111. 811111111111.

11111111(11111111.). 13. 11111111111. XXXI. 19.

11111111, 1111, 1111111111111111. 11111111. 119. 11111111, 1111111111111111, 11111.
11111111. LXVII. 89. 89. 11. 11111111. XLIX. publ. 356. ,

114 1. 1111651911. Nomen, Hermu} 33· · 1111111111, 11111111111111111111111,

1111111111, (11111, 1111111. 11111111. - 11111 111. 111111.Χ 3111.
389. 11111111, 11111111 d ss 4⁰ Nicolaus‚ 11111111111 11 1111111,

11111111, 9111111. 11. 19. - Gabriel θ’ ¹⁸· “ 111. publ. 195.

11111111. 333. 111111111νί11. 3591. 1111111111111111111. 178.

1111111111. XVI. XXXIII. 183. 399. 1111111111· 111. 11111, 1111. 381. 411 1.

, Π1111111, 11111311. 353. 11111111111111111. 19.

11111111,11111111,1111. 188. 1111111111. 373. 111111111111111111, 1111111111. 341.

11111111(11111111.). 13. 1111111111 (11111111). 1114. 19111111131111111111). Il. 1111113.

1111111111. 111. . 11111111111111111111118. .

 

