384 , 11111111-701101011111.

10101,1101110. 10,00101.11’101111.10111100111, 111110, 1111111001111111-01011111. XIII 1. -
380. 396. 304.Ι ο Ing. 336. 340. 11011111. LXXXVIII. 3081.
10101,111001.10, 00111111. 378. 10101. 319. 341. 353. 355. 1111110. 169. 303.
1101101101. 13.351.357-360.101111111,1100111111. 161. 1101011101. 30.
3119373341. 10111111, 11011111ος1. 30. 11111011. XXVI I.
111111111111111111111111111111111111.1011101111, 0010011, 10111011. Bnbnowniiui. 333.
XLV. XLVIII 1. LXV. 111111111101111011. 309. 1001011 (1001011111). 12.
XCII. 34. 37 11. 1519. 51 iidemu, 101. 333333. 100101 (11001). 10.
541. 5711. 6311. 70. 73-70. 101011, Andreas, 010110. 361. 10111111, ep. 01101111. Auni.
81 11910911. 113130. 134. 1011101111, diuidis. 69. naeuus, presb. 130.
136. 1301. 1361. 16011. 1661101101111. 18. 10111111, 01101. 1. 1111111111. 56.
-170 3031. 3101. 3331. 333. 1011011111, 0011111111. 11011. 107. 10310111, 111111101101. dun. 53.
237216 11. 26828211. 101101111,111101. 36. 37. 1011111111, 1101011001. 65.
11011011. 10101001101010. 1101. 1011111111, guardian. 01111. 1111. 1001111, uniunt, miles. 38. 30. 451.

116. 11101. 113. Bogutiana, praepos. Wrni. XXXVII.
111101,001101.,00111111111. 3461011101, 001. XIV. 7. ludus. 39. 3113511.

11101, 101, 1001. 000101. 1. 1111101. 10111101, 1111101111οἰ. 31. 8. nogusuu, archid. 111111. 33.

Wr. 384. 1101111111, 0111011. 10. 61. 63. 1001111111, 1110011. 11111. 56. 83.
, 10101, 111001, 011011110 11111. 336. 368. 00011011. 0011011. 10. 368.,101011111, 1000110101. 313. 317.

331. 1010111111110011011111101. 40. 335.

111110101011. 6. 11101. 1111. 1. diget. 35.368.-101111111,111101. 36. 37.
mundonem, 0011101011, 001. 1111101111. Luguduni, 1110010101. 70.

1111, 00ρο11101). 28. 1416. 1110111011, 0111101. 10, 1110. LXVI. 1011111111. 10.

101110, 1100010101ος. 378. 351. 355. 357. 359. 360. 369. 1011110011, 000111101. 16. 10.
101011, 1101111010, 111010011111. 341. 1001011010, 10101011. 4.

348. 110111 (110111). 104. 106. 133. 1011110011 00111111, 00101. 0101. 56.
1111111, 001111, 00101. 1. 1101. 13836313711. 10111110, praepos. 0001. 180.

11101. 385. ’1100111001 1001. 000110. 160. 1001.

1011111, 110111011.,01111. 11. uin. 1101111 (101101). 104. 106. 133. 1011111011, 110111. 1101111. 195.
LXV. 139. 10011111, juvenis, 111100. 16.
1011011111(11111101101). 104106110001101101. 4111. 10101111, 11011. v. 1110101. 37·-

133130. 111011011 (1100111101), (11111). 13. 46.

11111, 111010, 010110. 11011011. 111011011(110111,11011,Ζ1011),1010111011.,1011010101. XIII.

377: (110111). 10. 17. 303. 316. 340. 101011011 1., 11011. u. 8011. XVII.
101001101(010111). 11. 34111. XXII.
1011111,11011.1..10101. 185. 111010011110, 11011110. 10, 011.1010010110.,11011.1.1.1ος1.1111111.
'milium nisinun 1101110101. 71. 11111. 60. XXXVII i. XLII. XLIX 1. LVIII.

72. Bischoisvierdung. XXV. XXXVIII 11. 6. 8. 14-16. 18. 30-35. 30
1001011, nin, unu, (umus-J 11111111111106. 367. -31, 36. 50. 53.

XXXI. 111010111011. XCVI. 3651. 374.101011111111,110111.1.1011.,11100.
1010, 11011110. 378. LXXXVIII. 377.306-300. 317.
101011110. XC. 36311. 1110101110110. 104.106.133.139. 335 11. 311. 3181. 351.
101100. 311. 00111111, 1001. 0001. 10. 331. 1010111111.,11011.1.011011.11111.
1011101. 376. 110101110110,11011010010. 333. 189. 196. 10911. 301. 308.
1010110111. XI. p. 282. 333. 311. 334. 33511. 3361. 33611.
1010110111, 011111. 164. 1111111111(1.01.-1011101). 13. 10110, 1101118011011111111111111.
= 101101110101. LXVI. uiscnwiu 01Ιο11-)(0111.),1111010- 1101111363. 3701. 390. 303
1011011, 10011. 11101. 10. 110111101011101. 11303316. 304. 313. 317. 319. 330. 333.
10110101111, Aluan. 00. 0011. 147. 340. 341. , 334. 339. 331. 334. 311.

151. 164. 184. 106. 1110111111 (1. uerno). 10340. 10110,11011.1.10111011.111011377.
1011100110. 307. 1110111111 (1. 1101101). 11. 307.. 110110, 11011. 1. 11101. LXVI. 1111.

 

