199 III& 994. 998. 911. 945
ibid.
901110, 11011. 1. 9011101111. 319. 315.
317. 319. 341. 349.
90110, 11011. 1. 000011. 319. 3111.
317. 319. 336. 341. 349 ib.
9010011. 149.
9001100100 VIII. P. 375. 378.
90100110119010111111 9001001111) 9.
901111οΆ 0101111101101. 974.
901011, 811101 10, 1101. 369.
90101101, Hermann. 10, nobil. 393.
90101110, 00101. 11100. 968. 974.
901100ιί0. 359.
901000010011010, 1101110100. 17. 19.
9010111, 101101. 38-40,
90110010, 3001101101111100. 49.
9100101 (911111.) 953.
9100110101. XXXIII.
9101011,1100111010. 389.
91010111010 (1101010, 111011. 10. 89.
91000, 1011. 10, 00100. 0. 0100111.
353.
91001, 1011. 10, 01101. 0. 1101. 111.
91000, 1011. 10, 11001. 981.

' 9101, 1101110. 10, 011. 11. 111101.

. LXVI. 71. 79. 84. 119.
910111, Petrus 10. 33111.
9100100, 1010101111. LXXXV. 338.
349. 353.
stadt. LXXXVI. XCV I. 1111111.
G. 1311. 144. 145. 1981. 995.
996. 983 II. 999. 996. 338.
346 1. 349. 353.
90011101. 1461.
9001111100,11011001. 93111.
9101101011. XLVI.
9110, 11011. 105. 193. 949.
953. 343. -11101111 8.
9110000111. 7.
11000101. 1011.
1101101001οι10. 343.
9110011000111. LXXXVIII.
11011101. 93.
1100011111 1. 1. 1101110. 841. 135.
199. 191. 197. 949. 947.
- 001 1011110110 954.
110011101ιί10. 954.

Imma-remim. 381

1101101101, 10111100. 7. Albanus. 11. 1110011011 0. 1101. 1110111.
19 - 1110. 991. 97-111· 511. 841. 136. 169. 194
petamus. LXVI. 936.

11011101. 3511.

1101010000. 349.

111110. 7. 91.

1111101. 7. 99.

1111110101 193193. 1101101100. 349.

1010100101110. LXXXVII I. 91001110, 301110 0011011. 10. 381.

9111110οἰ01. LXXXV. 451.

1111101, 001011. 0. 1111011011. 9100110111, 110011 10, 10111001. 79.

9010 911100. 89. 197. 949. 91100. XCIV. 999.

·- 1111010110. 18. 1101101. 841.

’- 11000101. 918 1. 939. (10110101, 9010011. 1101. 10, ple-

-·- 8010100ιο110. 111. 10100. 949. 0111010001.

- 11110110. XXXI. 6. 99. 94. 1111011101. 137. 154. 1841. 914

96. III-1⁰0. 1911. ’197 1. -917,
119. 1391. 143-148.910011011001011, 101. 10, 00101.
168173339373. (11011. 978.

(1011001011110110 zum 1101111001. 9110101100. 968.

11111. G. 954. 956. 373. 910000. 937. 939.
1100111001-11101101101. XIII. 910100, otto de, 00100.· 111. 399.

XVII. XLII. LXIV. 96. 89- 393. 331. 333.

88.1119. 193. 1981951311. 91110, 00100. 0100100. 671.

1351391. 146-148, 169. 9001110,11.1.010110,011101.-11100101. 1.

19111. 191197. 914. 949. 9101111111 (0011). 8.

9471. 90101101 (1010001). 8.
-01101110000, 369. 90100, 01100. 111. 81.
(1101010101001101100. 953. 901110110, 11101. 961.
9001110101, LXIV. 791. 83. 901100110, 0010110010. 14. ’

87-89. 99. 1991. 1971. 9011101100, 00001. 111. 81 1. 99.

117. 119. 195. 1391341. 1941.

149. 1411-148.1591. 167. 90100, 1011, 11100. 977.

SI. 11011111. 16. 11111111 011
11100Ιο1. 511. 169.
10101. II.

Voffirk, 0010100 (10100101).

177. 189. 187. 1991911111. 11100011οΙ1. 91. 941.
911. 914. 949. 9471. 988. 9111100, 1100101101οἰ. 3 1. 8.
1100110101ιο31.110111101, 110- 9011110001. 119.
0011011. 111010. LXIV. LXVI. 9101110 (Iolen). 339.
111 1. 84 1. 871. 137. 9110111110, 11110101. 11001011. 319.
1110011101 (11 st. Jacob). LXIVI. 3153 317. 319. 311.
LXXXV. 7111. 83. 87-89. 901000. 9631-900, XX. 968.
1991, 1951. 191.195.137. 9010111101. 194. 196. 199. 138.
149. 146-148, 154. 134. 9011,.1111011.1101.10,1001101. 979.
1841. 1941961. 91191. 998. 9010101110111. 99. “
9191. 913 -9171, 991935. 9010011111 (9100041). 41.
9111010100ηο01 (SI. 1110001).
XVI. LXIV. 83-85.871.(1001100,101., 00100111. 116.
1991. 195. 135. 137. 171 11110110, 1010010. 38.
101. 000. 100. 010. 1111010, mm. 0, jamim.
913-919. 9181. 991. 9811. 9911.
11110110 10 1110110111μο 189. 10 00100001, 90110110, 0100001. 11100.

49

 

