· 396 11110111-7011010101111.

111111110101111. I. 111101,1101110.,111111.1101.1.1111.1111101110. 11.
101111,01ι100.1111.0110011.55.55. 11110111. 584. 111111, 111001. 10111111. 356.

99. 195. 1131151191 151 11110101 (1110101) 11. 1111011, 911110, 01001. 4.

-158.1141.161.176.50111017889.110011101,01111.11111.1.Χ11151.
101101,1110101.1.5100.11ἰ. 555. 51111οῃ1,1001.100101.11. 85. 1115151111151511119111589.
101101, praepos. 1001. 15ςί1. Wr. 198. 555. 549. 591. 593. 5981. 393- 110.

337. 111001, 1101110 10, 5101. 335. 319. 318. 359- 335. 335. 337.
101111111111111.111111111101111111)1110111115.’.κθ-311309.

101101, 01ρο1101. 851171. 349. 110101, 5011101111111101. 559.
101101, pnepos. 1. 1111. 1. Wmi. 1101111, 501111. 355. 110111111, 111101. 551.

35. 110111, 1111110οι. 559. 11010110. 15.

111111 antiquus, 111101. 0101. 111100. 110110. 139. 1101101110, 50111111, 1001. 1001. de.

585. 10111011. XX. XLV. 25. 558. 549.
111101,1001.011.1110110. 151. 711. 1011101010. 91. 568. 1101001. XX. 258.

79. 81139. 10101. 599. 1101101, 110101. 10, 101101. 391.
101101, 110110.0001.1.11111.11’111. 101111, 101011. 10, 1110. 5361101100010191111001011. 45.

35. 551. 555. 557. 559 i. 56911111000101, 1010001001. 43.
1111111,11000111.111.011101.65.311.11011001019.

101111, 1100011111111111. 55. 101111, 110010111. 394. 11011111511111101). 194.195.155.
101111, 00111. 110. 11111. 37. 85. 10110111, 90111101. 10, 111101. 598. 1101101 (501011). XX. XLIII. 151.

1955. 511. 513. 577. 335. 22. 25. 568.

101111 9011111, 10111. puLI. 389. 10110111,11110.10,111111. 355 i. 1101111, 11111111, 001. 11111377.
101101110011011111110011, 00111. 338. 111111111110. 48.

01157910110111, 1101111. 11, 111101. 598. 1111111101, 1111001011. 01001. 574.
11 0,0011.111001. 10 0110111- 335. 1111111111,1111110.,111101. 381.

101111, 1011011. 339. 10110111, 91101101. 10. 354. 1111111101, 011001110110. 574.
111111 1511111011, 10111. publ. 5791011101111111011..) 83491111111111, 1101. 011. 11. 1111101. 57.

581. 1010011111. 389. 1111111101, 01001. 1101111. 56.
101101, pilai. 5110. 381. 101111111111111111. 11101101-5111130011111111.1555.
101101,11.11101·111101.19. 1011110111110(5111101].194.]95. 51. 51. 568.-11011. 1751.
101101,1110011.1101111101. 59. 155138. 183-1101110111011 91568.
1110151οι11,011.11’1.369. 10111101, 50011011, 0110111111. Verwundung. 45. ,
101101011015,110111.101110. 351. Wr. 585. 1111111101, 1111111111 LXXXIII.
I’flugdieunie. 397. 353. 101111, 51. 11101101, miles. 39. 451. xci. XCVII. 915. 7. 11. 55.
110110, 111011. XXII. 1010015501. 1001001111. 333. 541. 57. 65. 5591555-559.
11111101. 16. 18. 44. 46 i. 63. 10111011,111001.10, 10111. 001. 398. 569. 589. 591. 3951. 313.

1175. 1861. 5181. 5585. 538. 10001, 9101011110, 111101. 38 i. 3151. 339 ii.

5711. 584. 331 1. 395. 3119101111, 1011, 11101. 1001111111111.110101101110. 349. .

· 374. 378. Wr. 358. 11001111015,50111110.,01101. 377.
Philippus, 01111011. 1111111791. Popaiim. 191. 196. 155. 1100011110001. 61558-534537
71-76. 79. 8183. 87. 99 ii. 10111111101. 3. -519,
114 5. 1431. 119. 185. 595. 10111111. 91. 568. 11010110 (1101000). 911319.
‘ 599. 515. 517. 5595345115. 10110101,011010,111101. 598. 335. 1101111101. 194. 196. 155.

149, 10101, 11111111. 559. = 11011011,11011011, 01101. 11111.
1111111001, 110111. 51111. 555. 101111101011101101. 111110. 354 11. 331. 333.
Philippus, 10101111. 565. 10110011, 1111101011, miles. 49. 1101111101, 01101. 4.
11111000111111101111, 01001.11111.101111,1.1111111.,01001. 377. 1101101 (11110111), (1011111110).

359. 353 1. 331. 10101, 1. 111111. 316. 349 I.

11111111(111111). 19. 3153491. 1011111110(100111110). 9. 110111,1101110.10. 59. 33. 48. 53.
1111110111(111000010). 8. 10111111, 111001. 10, 11011110110- 110111101. 533. 341.
1110011010. 3591 01110, 001. 001. 334. 11100101, 80111111. 3551.

 

